00001111111111111111111111111111111111111111111111111111111111111111111111111111111111111111111111111
00011111111111111111111111111111111111111111111111111111111111111111111111111111111111111111111111111
00101111111111111111111111111111111111111111111111111111111111111111111111111111111111111111111111111
00111111111111111111111111111111111111111111111111111111111111111111111111111111111111111111111111111
01001111111111111111111111111111111111111111111111111111111111111111111111111111111111111111111111111
01011111111111111111111111111111111111111111111111111111111111111111111111111111111111111111111111111
01101111111111111111111111111111111111111111111111111111111111111111111111111111111111111111111111111
01111111111111111111111111111111111111111111111111111111111111111111111111111111111111111111111111111
10001111111111111111111111111111111111111111111111111111111111111111111111111111111111111111111111111
10011111111111111111111111111111111111111111111111111111111111111111111111111111111111111111111111111
10101111111111111111111111111111111111111111111111111111111111111111111111111111111111111111111111111
10111111111111111111111111111111111111111111111111111111111111111111111111111111111111111111111111111
11001111111111111111111111111111111111111111111111111111111111111111111111111111111111111111111111111
11011111111111111111111111111111111111111111111111111111111111111111111111111111111111111111111111111
11101111111111111111111111111111111111111111111111111111111111111111111111111111111111111111111111111
11111111111111111111111111111111111111111111111111111111111111111111111111111111111111111111111111111
