00000011111111111111111111111111111111111111111111111
00000111111111111111111111111111111111111111111111111
00001011111111111111111111111111111111111111111111111
00001111111111111111111111111111111111111111111111111
00010011111111111111111111111111111111111111111111111
00010111111111111111111111111111111111111111111111111
00011011111111111111111111111111111111111111111111111
00011111111111111111111111111111111111111111111111111
00100011111111111111111111111111111111111111111111111
00100111111111111111111111111111111111111111111111111
00101011111111111111111111111111111111111111111111111
00101111111111111111111111111111111111111111111111111
00110011111111111111111111111111111111111111111111111
00110111111111111111111111111111111111111111111111111
00111011111111111111111111111111111111111111111111111
00111111111111111111111111111111111111111111111111111
01000011111111111111111111111111111111111111111111111
01000111111111111111111111111111111111111111111111111
01001011111111111111111111111111111111111111111111111
01001111111111111111111111111111111111111111111111111
01010011111111111111111111111111111111111111111111111
01010111111111111111111111111111111111111111111111111
01011011111111111111111111111111111111111111111111111
01011111111111111111111111111111111111111111111111111
01100011111111111111111111111111111111111111111111111
01100111111111111111111111111111111111111111111111111
01101011111111111111111111111111111111111111111111111
01101111111111111111111111111111111111111111111111111
01110011111111111111111111111111111111111111111111111
01110111111111111111111111111111111111111111111111111
01111011111111111111111111111111111111111111111111111
01111111111111111111111111111111111111111111111111111
10000011111111111111111111111111111111111111111111111
10000111111111111111111111111111111111111111111111111
10001011111111111111111111111111111111111111111111111
10001111111111111111111111111111111111111111111111111
10010011111111111111111111111111111111111111111111111
10010111111111111111111111111111111111111111111111111
10011011111111111111111111111111111111111111111111111
10011111111111111111111111111111111111111111111111111
10100011111111111111111111111111111111111111111111111
10100111111111111111111111111111111111111111111111111
10101011111111111111111111111111111111111111111111111
10101111111111111111111111111111111111111111111111111
10110011111111111111111111111111111111111111111111111
10110111111111111111111111111111111111111111111111111
10111011111111111111111111111111111111111111111111111
10111111111111111111111111111111111111111111111111111
11000011111111111111111111111111111111111111111111111
11000111111111111111111111111111111111111111111111111
11001011111111111111111111111111111111111111111111111
11001111111111111111111111111111111111111111111111111
11010011111111111111111111111111111111111111111111111
11010111111111111111111111111111111111111111111111111
11011011111111111111111111111111111111111111111111111
11011111111111111111111111111111111111111111111111111
11100011111111111111111111111111111111111111111111111
11100111111111111111111111111111111111111111111111111
11101011111111111111111111111111111111111111111111111
11101111111111111111111111111111111111111111111111111
11110011111111111111111111111111111111111111111111111
11110111111111111111111111111111111111111111111111111
11111011111111111111111111111111111111111111111111111
11111111111111111111111111111111111111111111111111111
