00000000001111111111111111
00000000011111111111111111
00000000101111111111111111
00000000111111111111111111
00000001001111111111111111
00000001011111111111111111
00000001101111111111111111
00000001111111111111111111
00000010001111111111111111
00000010011111111111111111
00000010101111111111111111
00000010111111111111111111
00000011001111111111111111
00000011011111111111111111
00000011101111111111111111
00000011111111111111111111
00000100001111111111111111
00000100011111111111111111
00000100101111111111111111
00000100111111111111111111
00000101001111111111111111
00000101011111111111111111
00000101101111111111111111
00000101111111111111111111
00000110001111111111111111
00000110011111111111111111
00000110101111111111111111
00000110111111111111111111
00000111001111111111111111
00000111011111111111111111
00000111101111111111111111
00000111111111111111111111
00001000001111111111111111
00001000011111111111111111
00001000101111111111111111
00001000111111111111111111
00001001001111111111111111
00001001011111111111111111
00001001101111111111111111
00001001111111111111111111
00001010001111111111111111
00001010011111111111111111
00001010101111111111111111
00001010111111111111111111
00001011001111111111111111
00001011011111111111111111
00001011101111111111111111
00001011111111111111111111
00001100001111111111111111
00001100011111111111111111
00001100101111111111111111
00001100111111111111111111
00001101001111111111111111
00001101011111111111111111
00001101101111111111111111
00001101111111111111111111
00001110001111111111111111
00001110011111111111111111
00001110101111111111111111
00001110111111111111111111
00001111001111111111111111
00001111011111111111111111
00001111101111111111111111
00001111111111111111111111
00010000001111111111111111
00010000011111111111111111
00010000101111111111111111
00010000111111111111111111
00010001001111111111111111
00010001011111111111111111
00010001101111111111111111
00010001111111111111111111
00010010001111111111111111
00010010011111111111111111
00010010101111111111111111
00010010111111111111111111
00010011001111111111111111
00010011011111111111111111
00010011101111111111111111
00010011111111111111111111
00010100001111111111111111
00010100011111111111111111
00010100101111111111111111
00010100111111111111111111
00010101001111111111111111
00010101011111111111111111
00010101101111111111111111
00010101111111111111111111
00010110001111111111111111
00010110011111111111111111
00010110101111111111111111
00010110111111111111111111
00010111001111111111111111
00010111011111111111111111
00010111101111111111111111
00010111111111111111111111
00011000001111111111111111
00011000011111111111111111
00011000101111111111111111
00011000111111111111111111
00011001001111111111111111
00011001011111111111111111
00011001101111111111111111
00011001111111111111111111
00011010001111111111111111
00011010011111111111111111
00011010101111111111111111
00011010111111111111111111
00011011001111111111111111
00011011011111111111111111
00011011101111111111111111
00011011111111111111111111
00011100001111111111111111
00011100011111111111111111
00011100101111111111111111
00011100111111111111111111
00011101001111111111111111
00011101011111111111111111
00011101101111111111111111
00011101111111111111111111
00011110001111111111111111
00011110011111111111111111
00011110101111111111111111
00011110111111111111111111
00011111001111111111111111
00011111011111111111111111
00011111101111111111111111
00011111111111111111111111
00100000001111111111111111
00100000011111111111111111
00100000101111111111111111
00100000111111111111111111
00100001001111111111111111
00100001011111111111111111
00100001101111111111111111
00100001111111111111111111
00100010001111111111111111
00100010011111111111111111
00100010101111111111111111
00100010111111111111111111
00100011001111111111111111
00100011011111111111111111
00100011101111111111111111
00100011111111111111111111
00100100001111111111111111
00100100011111111111111111
00100100101111111111111111
00100100111111111111111111
00100101001111111111111111
00100101011111111111111111
00100101101111111111111111
00100101111111111111111111
00100110001111111111111111
00100110011111111111111111
00100110101111111111111111
00100110111111111111111111
00100111001111111111111111
00100111011111111111111111
00100111101111111111111111
00100111111111111111111111
00101000001111111111111111
00101000011111111111111111
00101000101111111111111111
00101000111111111111111111
00101001001111111111111111
00101001011111111111111111
00101001101111111111111111
00101001111111111111111111
00101010001111111111111111
00101010011111111111111111
00101010101111111111111111
00101010111111111111111111
00101011001111111111111111
00101011011111111111111111
00101011101111111111111111
00101011111111111111111111
00101100001111111111111111
00101100011111111111111111
00101100101111111111111111
00101100111111111111111111
00101101001111111111111111
00101101011111111111111111
00101101101111111111111111
00101101111111111111111111
00101110001111111111111111
00101110011111111111111111
00101110101111111111111111
00101110111111111111111111
00101111001111111111111111
00101111011111111111111111
00101111101111111111111111
00101111111111111111111111
00110000001111111111111111
00110000011111111111111111
00110000101111111111111111
00110000111111111111111111
00110001001111111111111111
00110001011111111111111111
00110001101111111111111111
00110001111111111111111111
00110010001111111111111111
00110010011111111111111111
00110010101111111111111111
00110010111111111111111111
00110011001111111111111111
00110011011111111111111111
00110011101111111111111111
00110011111111111111111111
00110100001111111111111111
00110100011111111111111111
00110100101111111111111111
00110100111111111111111111
00110101001111111111111111
00110101011111111111111111
00110101101111111111111111
00110101111111111111111111
00110110001111111111111111
00110110011111111111111111
00110110101111111111111111
00110110111111111111111111
00110111001111111111111111
00110111011111111111111111
00110111101111111111111111
00110111111111111111111111
00111000001111111111111111
00111000011111111111111111
00111000101111111111111111
00111000111111111111111111
00111001001111111111111111
00111001011111111111111111
00111001101111111111111111
00111001111111111111111111
00111010001111111111111111
00111010011111111111111111
00111010101111111111111111
00111010111111111111111111
00111011001111111111111111
00111011011111111111111111
00111011101111111111111111
00111011111111111111111111
00111100001111111111111111
00111100011111111111111111
00111100101111111111111111
00111100111111111111111111
00111101001111111111111111
00111101011111111111111111
00111101101111111111111111
00111101111111111111111111
00111110001111111111111111
00111110011111111111111111
00111110101111111111111111
00111110111111111111111111
00111111001111111111111111
00111111011111111111111111
00111111101111111111111111
00111111111111111111111111
01000000001111111111111111
01000000011111111111111111
01000000101111111111111111
01000000111111111111111111
01000001001111111111111111
01000001011111111111111111
01000001101111111111111111
01000001111111111111111111
01000010001111111111111111
01000010011111111111111111
01000010101111111111111111
01000010111111111111111111
01000011001111111111111111
01000011011111111111111111
01000011101111111111111111
01000011111111111111111111
01000100001111111111111111
01000100011111111111111111
01000100101111111111111111
01000100111111111111111111
01000101001111111111111111
01000101011111111111111111
01000101101111111111111111
01000101111111111111111111
01000110001111111111111111
01000110011111111111111111
01000110101111111111111111
01000110111111111111111111
01000111001111111111111111
01000111011111111111111111
01000111101111111111111111
01000111111111111111111111
01001000001111111111111111
01001000011111111111111111
01001000101111111111111111
01001000111111111111111111
01001001001111111111111111
01001001011111111111111111
01001001101111111111111111
01001001111111111111111111
01001010001111111111111111
01001010011111111111111111
01001010101111111111111111
01001010111111111111111111
01001011001111111111111111
01001011011111111111111111
01001011101111111111111111
01001011111111111111111111
01001100001111111111111111
01001100011111111111111111
01001100101111111111111111
01001100111111111111111111
01001101001111111111111111
01001101011111111111111111
01001101101111111111111111
01001101111111111111111111
01001110001111111111111111
01001110011111111111111111
01001110101111111111111111
01001110111111111111111111
01001111001111111111111111
01001111011111111111111111
01001111101111111111111111
01001111111111111111111111
01010000001111111111111111
01010000011111111111111111
01010000101111111111111111
01010000111111111111111111
01010001001111111111111111
01010001011111111111111111
01010001101111111111111111
01010001111111111111111111
01010010001111111111111111
01010010011111111111111111
01010010101111111111111111
01010010111111111111111111
01010011001111111111111111
01010011011111111111111111
01010011101111111111111111
01010011111111111111111111
01010100001111111111111111
01010100011111111111111111
01010100101111111111111111
01010100111111111111111111
01010101001111111111111111
01010101011111111111111111
01010101101111111111111111
01010101111111111111111111
01010110001111111111111111
01010110011111111111111111
01010110101111111111111111
01010110111111111111111111
01010111001111111111111111
01010111011111111111111111
01010111101111111111111111
01010111111111111111111111
01011000001111111111111111
01011000011111111111111111
01011000101111111111111111
01011000111111111111111111
01011001001111111111111111
01011001011111111111111111
01011001101111111111111111
01011001111111111111111111
01011010001111111111111111
01011010011111111111111111
01011010101111111111111111
01011010111111111111111111
01011011001111111111111111
01011011011111111111111111
01011011101111111111111111
01011011111111111111111111
01011100001111111111111111
01011100011111111111111111
01011100101111111111111111
01011100111111111111111111
01011101001111111111111111
01011101011111111111111111
01011101101111111111111111
01011101111111111111111111
01011110001111111111111111
01011110011111111111111111
01011110101111111111111111
01011110111111111111111111
01011111001111111111111111
01011111011111111111111111
01011111101111111111111111
01011111111111111111111111
01100000001111111111111111
01100000011111111111111111
01100000101111111111111111
01100000111111111111111111
01100001001111111111111111
01100001011111111111111111
01100001101111111111111111
01100001111111111111111111
01100010001111111111111111
01100010011111111111111111
01100010101111111111111111
01100010111111111111111111
01100011001111111111111111
01100011011111111111111111
01100011101111111111111111
01100011111111111111111111
01100100001111111111111111
01100100011111111111111111
01100100101111111111111111
01100100111111111111111111
01100101001111111111111111
01100101011111111111111111
01100101101111111111111111
01100101111111111111111111
01100110001111111111111111
01100110011111111111111111
01100110101111111111111111
01100110111111111111111111
01100111001111111111111111
01100111011111111111111111
01100111101111111111111111
01100111111111111111111111
01101000001111111111111111
01101000011111111111111111
01101000101111111111111111
01101000111111111111111111
01101001001111111111111111
01101001011111111111111111
01101001101111111111111111
01101001111111111111111111
01101010001111111111111111
01101010011111111111111111
01101010101111111111111111
01101010111111111111111111
01101011001111111111111111
01101011011111111111111111
01101011101111111111111111
01101011111111111111111111
01101100001111111111111111
01101100011111111111111111
01101100101111111111111111
01101100111111111111111111
01101101001111111111111111
01101101011111111111111111
01101101101111111111111111
01101101111111111111111111
01101110001111111111111111
01101110011111111111111111
01101110101111111111111111
01101110111111111111111111
01101111001111111111111111
01101111011111111111111111
01101111101111111111111111
01101111111111111111111111
01110000001111111111111111
01110000011111111111111111
01110000101111111111111111
01110000111111111111111111
01110001001111111111111111
01110001011111111111111111
01110001101111111111111111
01110001111111111111111111
01110010001111111111111111
01110010011111111111111111
01110010101111111111111111
01110010111111111111111111
01110011001111111111111111
01110011011111111111111111
01110011101111111111111111
01110011111111111111111111
01110100001111111111111111
01110100011111111111111111
01110100101111111111111111
01110100111111111111111111
01110101001111111111111111
01110101011111111111111111
01110101101111111111111111
01110101111111111111111111
01110110001111111111111111
01110110011111111111111111
01110110101111111111111111
01110110111111111111111111
01110111001111111111111111
01110111011111111111111111
01110111101111111111111111
01110111111111111111111111
01111000001111111111111111
01111000011111111111111111
01111000101111111111111111
01111000111111111111111111
01111001001111111111111111
01111001011111111111111111
01111001101111111111111111
01111001111111111111111111
01111010001111111111111111
01111010011111111111111111
01111010101111111111111111
01111010111111111111111111
01111011001111111111111111
01111011011111111111111111
01111011101111111111111111
01111011111111111111111111
01111100001111111111111111
01111100011111111111111111
01111100101111111111111111
01111100111111111111111111
01111101001111111111111111
01111101011111111111111111
01111101101111111111111111
01111101111111111111111111
01111110001111111111111111
01111110011111111111111111
01111110101111111111111111
01111110111111111111111111
01111111001111111111111111
01111111011111111111111111
01111111101111111111111111
01111111111111111111111111
10000000001111111111111111
10000000011111111111111111
10000000101111111111111111
10000000111111111111111111
10000001001111111111111111
10000001011111111111111111
10000001101111111111111111
10000001111111111111111111
10000010001111111111111111
10000010011111111111111111
10000010101111111111111111
10000010111111111111111111
10000011001111111111111111
10000011011111111111111111
10000011101111111111111111
10000011111111111111111111
10000100001111111111111111
10000100011111111111111111
10000100101111111111111111
10000100111111111111111111
10000101001111111111111111
10000101011111111111111111
10000101101111111111111111
10000101111111111111111111
10000110001111111111111111
10000110011111111111111111
10000110101111111111111111
10000110111111111111111111
10000111001111111111111111
10000111011111111111111111
10000111101111111111111111
10000111111111111111111111
10001000001111111111111111
10001000011111111111111111
10001000101111111111111111
10001000111111111111111111
10001001001111111111111111
10001001011111111111111111
10001001101111111111111111
10001001111111111111111111
10001010001111111111111111
10001010011111111111111111
10001010101111111111111111
10001010111111111111111111
10001011001111111111111111
10001011011111111111111111
10001011101111111111111111
10001011111111111111111111
10001100001111111111111111
10001100011111111111111111
10001100101111111111111111
10001100111111111111111111
10001101001111111111111111
10001101011111111111111111
10001101101111111111111111
10001101111111111111111111
10001110001111111111111111
10001110011111111111111111
10001110101111111111111111
10001110111111111111111111
10001111001111111111111111
10001111011111111111111111
10001111101111111111111111
10001111111111111111111111
10010000001111111111111111
10010000011111111111111111
10010000101111111111111111
10010000111111111111111111
10010001001111111111111111
10010001011111111111111111
10010001101111111111111111
10010001111111111111111111
10010010001111111111111111
10010010011111111111111111
10010010101111111111111111
10010010111111111111111111
10010011001111111111111111
10010011011111111111111111
10010011101111111111111111
10010011111111111111111111
10010100001111111111111111
10010100011111111111111111
10010100101111111111111111
10010100111111111111111111
10010101001111111111111111
10010101011111111111111111
10010101101111111111111111
10010101111111111111111111
10010110001111111111111111
10010110011111111111111111
10010110101111111111111111
10010110111111111111111111
10010111001111111111111111
10010111011111111111111111
10010111101111111111111111
10010111111111111111111111
10011000001111111111111111
10011000011111111111111111
10011000101111111111111111
10011000111111111111111111
10011001001111111111111111
10011001011111111111111111
10011001101111111111111111
10011001111111111111111111
10011010001111111111111111
10011010011111111111111111
10011010101111111111111111
10011010111111111111111111
10011011001111111111111111
10011011011111111111111111
10011011101111111111111111
10011011111111111111111111
10011100001111111111111111
10011100011111111111111111
10011100101111111111111111
10011100111111111111111111
10011101001111111111111111
10011101011111111111111111
10011101101111111111111111
10011101111111111111111111
10011110001111111111111111
10011110011111111111111111
10011110101111111111111111
10011110111111111111111111
10011111001111111111111111
10011111011111111111111111
10011111101111111111111111
10011111111111111111111111
10100000001111111111111111
10100000011111111111111111
10100000101111111111111111
10100000111111111111111111
10100001001111111111111111
10100001011111111111111111
10100001101111111111111111
10100001111111111111111111
10100010001111111111111111
10100010011111111111111111
10100010101111111111111111
10100010111111111111111111
10100011001111111111111111
10100011011111111111111111
10100011101111111111111111
10100011111111111111111111
10100100001111111111111111
10100100011111111111111111
10100100101111111111111111
10100100111111111111111111
10100101001111111111111111
10100101011111111111111111
10100101101111111111111111
10100101111111111111111111
10100110001111111111111111
10100110011111111111111111
10100110101111111111111111
10100110111111111111111111
10100111001111111111111111
10100111011111111111111111
10100111101111111111111111
10100111111111111111111111
10101000001111111111111111
10101000011111111111111111
10101000101111111111111111
10101000111111111111111111
10101001001111111111111111
10101001011111111111111111
10101001101111111111111111
10101001111111111111111111
10101010001111111111111111
10101010011111111111111111
10101010101111111111111111
10101010111111111111111111
10101011001111111111111111
10101011011111111111111111
10101011101111111111111111
10101011111111111111111111
10101100001111111111111111
10101100011111111111111111
10101100101111111111111111
10101100111111111111111111
10101101001111111111111111
10101101011111111111111111
10101101101111111111111111
10101101111111111111111111
10101110001111111111111111
10101110011111111111111111
10101110101111111111111111
10101110111111111111111111
10101111001111111111111111
10101111011111111111111111
10101111101111111111111111
10101111111111111111111111
10110000001111111111111111
10110000011111111111111111
10110000101111111111111111
10110000111111111111111111
10110001001111111111111111
10110001011111111111111111
10110001101111111111111111
10110001111111111111111111
10110010001111111111111111
10110010011111111111111111
10110010101111111111111111
10110010111111111111111111
10110011001111111111111111
10110011011111111111111111
10110011101111111111111111
10110011111111111111111111
10110100001111111111111111
10110100011111111111111111
10110100101111111111111111
10110100111111111111111111
10110101001111111111111111
10110101011111111111111111
10110101101111111111111111
10110101111111111111111111
10110110001111111111111111
10110110011111111111111111
10110110101111111111111111
10110110111111111111111111
10110111001111111111111111
10110111011111111111111111
10110111101111111111111111
10110111111111111111111111
10111000001111111111111111
10111000011111111111111111
10111000101111111111111111
10111000111111111111111111
10111001001111111111111111
10111001011111111111111111
10111001101111111111111111
10111001111111111111111111
10111010001111111111111111
10111010011111111111111111
10111010101111111111111111
10111010111111111111111111
10111011001111111111111111
10111011011111111111111111
10111011101111111111111111
10111011111111111111111111
10111100001111111111111111
10111100011111111111111111
10111100101111111111111111
10111100111111111111111111
10111101001111111111111111
10111101011111111111111111
10111101101111111111111111
10111101111111111111111111
10111110001111111111111111
10111110011111111111111111
10111110101111111111111111
10111110111111111111111111
10111111001111111111111111
10111111011111111111111111
10111111101111111111111111
10111111111111111111111111
11000000001111111111111111
11000000011111111111111111
11000000101111111111111111
11000000111111111111111111
11000001001111111111111111
11000001011111111111111111
11000001101111111111111111
11000001111111111111111111
11000010001111111111111111
11000010011111111111111111
11000010101111111111111111
11000010111111111111111111
11000011001111111111111111
11000011011111111111111111
11000011101111111111111111
11000011111111111111111111
11000100001111111111111111
11000100011111111111111111
11000100101111111111111111
11000100111111111111111111
11000101001111111111111111
11000101011111111111111111
11000101101111111111111111
11000101111111111111111111
11000110001111111111111111
11000110011111111111111111
11000110101111111111111111
11000110111111111111111111
11000111001111111111111111
11000111011111111111111111
11000111101111111111111111
11000111111111111111111111
11001000001111111111111111
11001000011111111111111111
11001000101111111111111111
11001000111111111111111111
11001001001111111111111111
11001001011111111111111111
11001001101111111111111111
11001001111111111111111111
11001010001111111111111111
11001010011111111111111111
11001010101111111111111111
11001010111111111111111111
11001011001111111111111111
11001011011111111111111111
11001011101111111111111111
11001011111111111111111111
11001100001111111111111111
11001100011111111111111111
11001100101111111111111111
11001100111111111111111111
11001101001111111111111111
11001101011111111111111111
11001101101111111111111111
11001101111111111111111111
11001110001111111111111111
11001110011111111111111111
11001110101111111111111111
11001110111111111111111111
11001111001111111111111111
11001111011111111111111111
11001111101111111111111111
11001111111111111111111111
11010000001111111111111111
11010000011111111111111111
11010000101111111111111111
11010000111111111111111111
11010001001111111111111111
11010001011111111111111111
11010001101111111111111111
11010001111111111111111111
11010010001111111111111111
11010010011111111111111111
11010010101111111111111111
11010010111111111111111111
11010011001111111111111111
11010011011111111111111111
11010011101111111111111111
11010011111111111111111111
11010100001111111111111111
11010100011111111111111111
11010100101111111111111111
11010100111111111111111111
11010101001111111111111111
11010101011111111111111111
11010101101111111111111111
11010101111111111111111111
11010110001111111111111111
11010110011111111111111111
11010110101111111111111111
11010110111111111111111111
11010111001111111111111111
11010111011111111111111111
11010111101111111111111111
11010111111111111111111111
11011000001111111111111111
11011000011111111111111111
11011000101111111111111111
11011000111111111111111111
11011001001111111111111111
11011001011111111111111111
11011001101111111111111111
11011001111111111111111111
11011010001111111111111111
11011010011111111111111111
11011010101111111111111111
11011010111111111111111111
11011011001111111111111111
11011011011111111111111111
11011011101111111111111111
11011011111111111111111111
11011100001111111111111111
11011100011111111111111111
11011100101111111111111111
11011100111111111111111111
11011101001111111111111111
11011101011111111111111111
11011101101111111111111111
11011101111111111111111111
11011110001111111111111111
11011110011111111111111111
11011110101111111111111111
11011110111111111111111111
11011111001111111111111111
11011111011111111111111111
11011111101111111111111111
11011111111111111111111111
11100000001111111111111111
11100000011111111111111111
11100000101111111111111111
11100000111111111111111111
11100001001111111111111111
11100001011111111111111111
11100001101111111111111111
11100001111111111111111111
11100010001111111111111111
11100010011111111111111111
11100010101111111111111111
11100010111111111111111111
11100011001111111111111111
11100011011111111111111111
11100011101111111111111111
11100011111111111111111111
11100100001111111111111111
11100100011111111111111111
11100100101111111111111111
11100100111111111111111111
11100101001111111111111111
11100101011111111111111111
11100101101111111111111111
11100101111111111111111111
11100110001111111111111111
11100110011111111111111111
11100110101111111111111111
11100110111111111111111111
11100111001111111111111111
11100111011111111111111111
11100111101111111111111111
11100111111111111111111111
11101000001111111111111111
11101000011111111111111111
11101000101111111111111111
11101000111111111111111111
11101001001111111111111111
11101001011111111111111111
11101001101111111111111111
11101001111111111111111111
11101010001111111111111111
11101010011111111111111111
11101010101111111111111111
11101010111111111111111111
11101011001111111111111111
11101011011111111111111111
11101011101111111111111111
11101011111111111111111111
11101100001111111111111111
11101100011111111111111111
11101100101111111111111111
11101100111111111111111111
11101101001111111111111111
11101101011111111111111111
11101101101111111111111111
11101101111111111111111111
11101110001111111111111111
11101110011111111111111111
11101110101111111111111111
11101110111111111111111111
11101111001111111111111111
11101111011111111111111111
11101111101111111111111111
11101111111111111111111111
11110000001111111111111111
11110000011111111111111111
11110000101111111111111111
11110000111111111111111111
11110001001111111111111111
11110001011111111111111111
11110001101111111111111111
11110001111111111111111111
11110010001111111111111111
11110010011111111111111111
11110010101111111111111111
11110010111111111111111111
11110011001111111111111111
11110011011111111111111111
11110011101111111111111111
11110011111111111111111111
11110100001111111111111111
11110100011111111111111111
11110100101111111111111111
11110100111111111111111111
11110101001111111111111111
11110101011111111111111111
11110101101111111111111111
11110101111111111111111111
11110110001111111111111111
11110110011111111111111111
11110110101111111111111111
11110110111111111111111111
11110111001111111111111111
11110111011111111111111111
11110111101111111111111111
11110111111111111111111111
11111000001111111111111111
11111000011111111111111111
11111000101111111111111111
11111000111111111111111111
11111001001111111111111111
11111001011111111111111111
11111001101111111111111111
11111001111111111111111111
11111010001111111111111111
11111010011111111111111111
11111010101111111111111111
11111010111111111111111111
11111011001111111111111111
11111011011111111111111111
11111011101111111111111111
11111011111111111111111111
11111100001111111111111111
11111100011111111111111111
11111100101111111111111111
11111100111111111111111111
11111101001111111111111111
11111101011111111111111111
11111101101111111111111111
11111101111111111111111111
11111110001111111111111111
11111110011111111111111111
11111110101111111111111111
11111110111111111111111111
11111111001111111111111111
11111111011111111111111111
11111111101111111111111111
11111111111111111111111111
